0 2 3
1 2 4
4 5 6

13
17
32

6 1 1
1 8 1
1 1 10

8
10
12

-6 1 1
1 -8 1
1 1 -10

-8
-10
-12

-6 7 8
9 -8 5
8 9 -10

8
10
12

6 5 5
5 8 5
5 5 10

8
10
12


>> A=[0,2,3;1,2,4;4,5,6]

A =

     0     2     3
     1     2     4
     4     5     6

>> B=[13;17;32]

B =

    13
    17
    32

>> X = linsolve(A,B)

X =

     1
     2
     3

>> A=[6,1,1;1,8,1;1,1,10]

A =

     6     1     1
     1     8     1
     1     1    10

>> B=[8;10;12]

B =

     8
    10
    12

>> x=linsolve(A,B)

x =

     1
     1
     1

>> A=[-6,1,1;1,-8,1;1,1,-10];
>> B=[-8;-10;-12]

B =

    -8
   -10
   -12

>> X = linsolve(A,B)

X =

    1.8722
    1.6784
    1.5551

>> A= [-6,7,8;9,-8,5;8,9,-10]

A =

    -6     7     8
     9    -8     5
     8     9   -10

>> B=[8;10;12]

B =

     8
    10
    12

>> X=linsolve(A,B)

X =

    1.5527
    1.1957
    1.1183

>> A=[6,5,5;5,8,5;5,5,10];
>> B=[8;10;12];
>> X=linsolve(A,B);
>> X=linsolve(A,B)

X =

    0.0769
    0.6923
    0.8154